2019/10/29-09:03:58.627236 7fa7687ba700 RocksDB version: 5.15.10
2019/10/29-09:03:58.627272 7fa7687ba700 Git sha rocksdb_build_git_sha:
2019/10/29-09:03:58.627275 7fa7687ba700 Compile date Oct  9 2018
2019/10/29-09:03:58.627276 7fa7687ba700 DB SUMMARY
2019/10/29-09:03:58.627292 7fa7687ba700 SST files in /var/lib/node/data/database dir, Total Num: 0, files: 
2019/10/29-09:03:58.627294 7fa7687ba700 Write Ahead Log file in /var/lib/node/data/database: 
2019/10/29-09:03:58.627295 7fa7687ba700                         Options.error_if_exists: 0
2019/10/29-09:03:58.627296 7fa7687ba700                       Options.create_if_missing: 1
2019/10/29-09:03:58.627297 7fa7687ba700                         Options.paranoid_checks: 1
2019/10/29-09:03:58.627298 7fa7687ba700                                     Options.env: 0x7fa72946f100
2019/10/29-09:03:58.627299 7fa7687ba700                                Options.info_log: 0x7fa761274f20
2019/10/29-09:03:58.627299 7fa7687ba700                Options.max_file_opening_threads: 16
2019/10/29-09:03:58.627300 7fa7687ba700                              Options.statistics: 0x7fa7612740a0
2019/10/29-09:03:58.627301 7fa7687ba700                               Options.use_fsync: 0
2019/10/29-09:03:58.627302 7fa7687ba700                       Options.max_log_file_size: 0
2019/10/29-09:03:58.627303 7fa7687ba700                  Options.max_manifest_file_size: 1073741824
2019/10/29-09:03:58.627304 7fa7687ba700                   Options.log_file_time_to_roll: 0
2019/10/29-09:03:58.627304 7fa7687ba700                       Options.keep_log_file_num: 1000
2019/10/29-09:03:58.627305 7fa7687ba700                    Options.recycle_log_file_num: 0
2019/10/29-09:03:58.627306 7fa7687ba700                         Options.allow_fallocate: 1
2019/10/29-09:03:58.627307 7fa7687ba700                        Options.allow_mmap_reads: 0
2019/10/29-09:03:58.627307 7fa7687ba700                       Options.allow_mmap_writes: 0
2019/10/29-09:03:58.627308 7fa7687ba700                        Options.use_direct_reads: 0
2019/10/29-09:03:58.627309 7fa7687ba700                        Options.use_direct_io_for_flush_and_compaction: 0
2019/10/29-09:03:58.627310 7fa7687ba700          Options.create_missing_column_families: 1
2019/10/29-09:03:58.627311 7fa7687ba700                              Options.db_log_dir: 
2019/10/29-09:03:58.627312 7fa7687ba700                                 Options.wal_dir: /var/lib/node/data/database
2019/10/29-09:03:58.627313 7fa7687ba700                Options.table_cache_numshardbits: 6
2019/10/29-09:03:58.627314 7fa7687ba700                      Options.max_subcompactions: 1
2019/10/29-09:03:58.627316 7fa7687ba700                  Options.max_background_flushes: -1
2019/10/29-09:03:58.627317 7fa7687ba700                         Options.WAL_ttl_seconds: 0
2019/10/29-09:03:58.627319 7fa7687ba700                       Options.WAL_size_limit_MB: 0
2019/10/29-09:03:58.627320 7fa7687ba700             Options.manifest_preallocation_size: 4194304
2019/10/29-09:03:58.627321 7fa7687ba700                     Options.is_fd_close_on_exec: 1
2019/10/29-09:03:58.627322 7fa7687ba700                   Options.advise_random_on_open: 1
2019/10/29-09:03:58.627323 7fa7687ba700                    Options.db_write_buffer_size: 0
2019/10/29-09:03:58.627324 7fa7687ba700                    Options.write_buffer_manager: 0x7fa761274e40
2019/10/29-09:03:58.627326 7fa7687ba700         Options.access_hint_on_compaction_start: 1
2019/10/29-09:03:58.627327 7fa7687ba700  Options.new_table_reader_for_compaction_inputs: 0
2019/10/29-09:03:58.627329 7fa7687ba700           Options.random_access_max_buffer_size: 1048576
2019/10/29-09:03:58.627330 7fa7687ba700                      Options.use_adaptive_mutex: 0
2019/10/29-09:03:58.627331 7fa7687ba700                            Options.rate_limiter: (nil)
2019/10/29-09:03:58.627332 7fa7687ba700     Options.sst_file_manager.rate_bytes_per_sec: 0
2019/10/29-09:03:58.627333 7fa7687ba700                       Options.wal_recovery_mode: 2
2019/10/29-09:03:58.627334 7fa7687ba700                  Options.enable_thread_tracking: 0
2019/10/29-09:03:58.627335 7fa7687ba700                  Options.enable_pipelined_write: 0
2019/10/29-09:03:58.627343 7fa7687ba700         Options.allow_concurrent_memtable_write: 1
2019/10/29-09:03:58.627344 7fa7687ba700      Options.enable_write_thread_adaptive_yield: 1
2019/10/29-09:03:58.627345 7fa7687ba700             Options.write_thread_max_yield_usec: 100
2019/10/29-09:03:58.627346 7fa7687ba700            Options.write_thread_slow_yield_usec: 3
2019/10/29-09:03:58.627347 7fa7687ba700                               Options.row_cache: None
2019/10/29-09:03:58.627347 7fa7687ba700                              Options.wal_filter: None
2019/10/29-09:03:58.627348 7fa7687ba700             Options.avoid_flush_during_recovery: 0
2019/10/29-09:03:58.627349 7fa7687ba700             Options.allow_ingest_behind: 0
2019/10/29-09:03:58.627350 7fa7687ba700             Options.preserve_deletes: 0
2019/10/29-09:03:58.627351 7fa7687ba700             Options.two_write_queues: 0
2019/10/29-09:03:58.627351 7fa7687ba700             Options.manual_wal_flush: 0
2019/10/29-09:03:58.627352 7fa7687ba700             Options.max_background_jobs: 2
2019/10/29-09:03:58.627353 7fa7687ba700             Options.max_background_compactions: 4
2019/10/29-09:03:58.627354 7fa7687ba700             Options.avoid_flush_during_shutdown: 0
2019/10/29-09:03:58.627355 7fa7687ba700           Options.writable_file_max_buffer_size: 1048576
2019/10/29-09:03:58.627355 7fa7687ba700             Options.delayed_write_rate : 16777216
2019/10/29-09:03:58.627356 7fa7687ba700             Options.max_total_wal_size: 0
2019/10/29-09:03:58.627357 7fa7687ba700             Options.delete_obsolete_files_period_micros: 21600000000
2019/10/29-09:03:58.627358 7fa7687ba700                   Options.stats_dump_period_sec: 600
2019/10/29-09:03:58.627359 7fa7687ba700                          Options.max_open_files: 1024
2019/10/29-09:03:58.627359 7fa7687ba700                          Options.bytes_per_sync: 0
2019/10/29-09:03:58.627360 7fa7687ba700                      Options.wal_bytes_per_sync: 0
2019/10/29-09:03:58.627361 7fa7687ba700       Options.compaction_readahead_size: 0
2019/10/29-09:03:58.627362 7fa7687ba700 Compression algorithms supported:
2019/10/29-09:03:58.627363 7fa7687ba700 	kZSTDNotFinalCompression supported: 1
2019/10/29-09:03:58.627364 7fa7687ba700 	kZSTD supported: 1
2019/10/29-09:03:58.627365 7fa7687ba700 	kXpressCompression supported: 0
2019/10/29-09:03:58.627366 7fa7687ba700 	kLZ4HCCompression supported: 1
2019/10/29-09:03:58.627367 7fa7687ba700 	kLZ4Compression supported: 1
2019/10/29-09:03:58.627368 7fa7687ba700 	kBZip2Compression supported: 1
2019/10/29-09:03:58.627369 7fa7687ba700 	kZlibCompression supported: 1
2019/10/29-09:03:58.627369 7fa7687ba700 	kSnappyCompression supported: 1
2019/10/29-09:03:58.627371 7fa7687ba700 Fast CRC32 supported: Not supported on x86
2019/10/29-09:03:58.627415 7fa7687ba700 [db/db_impl_open.cc:223] Creating manifest 1 
2019/10/29-09:03:58.634828 7fa7687ba700 [db/version_set.cc:3248] Recovering from manifest file: MANIFEST-000001
2019/10/29-09:03:58.634898 7fa7687ba700 [db/column_family.cc:475] --------------- Options for column family [default]:
2019/10/29-09:03:58.634902 7fa7687ba700               Options.comparator: leveldb.BytewiseComparator
2019/10/29-09:03:58.634904 7fa7687ba700           Options.merge_operator: None
2019/10/29-09:03:58.634905 7fa7687ba700        Options.compaction_filter: None
2019/10/29-09:03:58.634907 7fa7687ba700        Options.compaction_filter_factory: None
2019/10/29-09:03:58.634908 7fa7687ba700         Options.memtable_factory: SkipListFactory
2019/10/29-09:03:58.634910 7fa7687ba700            Options.table_factory: BlockBasedTable
2019/10/29-09:03:58.634940 7fa7687ba700            table_factory options:   flush_block_policy_factory: FlushBlockBySizePolicyFactory (0x7fa7612775c0)
  cache_index_and_filter_blocks: 0
  cache_index_and_filter_blocks_with_high_priority: 0
  pin_l0_filter_and_index_blocks_in_cache: 0
  pin_top_level_index_and_filter: 1
  index_type: 0
  hash_index_allow_collision: 1
  checksum: 1
  no_block_cache: 0
  block_cache: 0x7fa761275190
  block_cache_name: LRUCache
  block_cache_options:
    capacity : 8388608
    num_shard_bits : 4
    strict_capacity_limit : 0
    high_pri_pool_ratio: 0.000
  block_cache_compressed: (nil)
  persistent_cache: (nil)
  block_size: 4096
  block_size_deviation: 10
  block_restart_interval: 16
  index_block_restart_interval: 1
  metadata_block_size: 4096
  partition_filters: 0
  use_delta_encoding: 1
  filter_policy: nullptr
  whole_key_filtering: 1
  verify_compression: 0
  read_amp_bytes_per_bit: 0
  format_version: 0
  enable_index_compression: 1
  block_align: 0
2019/10/29-09:03:58.634963 7fa7687ba700        Options.write_buffer_size: 67108864
2019/10/29-09:03:58.634965 7fa7687ba700  Options.max_write_buffer_number: 2
2019/10/29-09:03:58.634967 7fa7687ba700          Options.compression: Snappy
2019/10/29-09:03:58.634968 7fa7687ba700                  Options.bottommost_compression: Disabled
2019/10/29-09:03:58.634970 7fa7687ba700       Options.prefix_extractor: nullptr
2019/10/29-09:03:58.634971 7fa7687ba700   Options.memtable_insert_with_hint_prefix_extractor: nullptr
2019/10/29-09:03:58.634973 7fa7687ba700             Options.num_levels: 7
2019/10/29-09:03:58.634974 7fa7687ba700        Options.min_write_buffer_number_to_merge: 1
2019/10/29-09:03:58.634975 7fa7687ba700     Options.max_write_buffer_number_to_maintain: 2
2019/10/29-09:03:58.634977 7fa7687ba700            Options.bottommost_compression_opts.window_bits: -14
2019/10/29-09:03:58.634978 7fa7687ba700                  Options.bottommost_compression_opts.level: 32767
2019/10/29-09:03:58.634979 7fa7687ba700               Options.bottommost_compression_opts.strategy: 0
2019/10/29-09:03:58.634981 7fa7687ba700         Options.bottommost_compression_opts.max_dict_bytes: 0
2019/10/29-09:03:58.634982 7fa7687ba700         Options.bottommost_compression_opts.zstd_max_train_bytes: 0
2019/10/29-09:03:58.634984 7fa7687ba700                  Options.bottommost_compression_opts.enabled: false
2019/10/29-09:03:58.634985 7fa7687ba700            Options.compression_opts.window_bits: -14
2019/10/29-09:03:58.634987 7fa7687ba700                  Options.compression_opts.level: 32767
2019/10/29-09:03:58.634988 7fa7687ba700               Options.compression_opts.strategy: 0
2019/10/29-09:03:58.634989 7fa7687ba700         Options.compression_opts.max_dict_bytes: 0
2019/10/29-09:03:58.634991 7fa7687ba700         Options.compression_opts.zstd_max_train_bytes: 0
2019/10/29-09:03:58.634992 7fa7687ba700                  Options.compression_opts.enabled: false
2019/10/29-09:03:58.634993 7fa7687ba700      Options.level0_file_num_compaction_trigger: 4
2019/10/29-09:03:58.634994 7fa7687ba700          Options.level0_slowdown_writes_trigger: 20
2019/10/29-09:03:58.634996 7fa7687ba700              Options.level0_stop_writes_trigger: 36
2019/10/29-09:03:58.634997 7fa7687ba700                   Options.target_file_size_base: 67108864
2019/10/29-09:03:58.634999 7fa7687ba700             Options.target_file_size_multiplier: 1
2019/10/29-09:03:58.635000 7fa7687ba700                Options.max_bytes_for_level_base: 268435456
2019/10/29-09:03:58.635001 7fa7687ba700 Options.level_compaction_dynamic_level_bytes: 0
2019/10/29-09:03:58.635003 7fa7687ba700          Options.max_bytes_for_level_multiplier: 10.000000
2019/10/29-09:03:58.635005 7fa7687ba700 Options.max_bytes_for_level_multiplier_addtl[0]: 1
2019/10/29-09:03:58.635007 7fa7687ba700 Options.max_bytes_for_level_multiplier_addtl[1]: 1
2019/10/29-09:03:58.635008 7fa7687ba700 Options.max_bytes_for_level_multiplier_addtl[2]: 1
2019/10/29-09:03:58.635010 7fa7687ba700 Options.max_bytes_for_level_multiplier_addtl[3]: 1
2019/10/29-09:03:58.635011 7fa7687ba700 Options.max_bytes_for_level_multiplier_addtl[4]: 1
2019/10/29-09:03:58.635012 7fa7687ba700 Options.max_bytes_for_level_multiplier_addtl[5]: 1
2019/10/29-09:03:58.635014 7fa7687ba700 Options.max_bytes_for_level_multiplier_addtl[6]: 1
2019/10/29-09:03:58.635015 7fa7687ba700       Options.max_sequential_skip_in_iterations: 8
2019/10/29-09:03:58.635017 7fa7687ba700                    Options.max_compaction_bytes: 1677721600
2019/10/29-09:03:58.635025 7fa7687ba700                        Options.arena_block_size: 8388608
2019/10/29-09:03:58.635027 7fa7687ba700   Options.soft_pending_compaction_bytes_limit: 68719476736
2019/10/29-09:03:58.635028 7fa7687ba700   Options.hard_pending_compaction_bytes_limit: 274877906944
2019/10/29-09:03:58.635030 7fa7687ba700       Options.rate_limit_delay_max_milliseconds: 100
2019/10/29-09:03:58.635031 7fa7687ba700                Options.disable_auto_compactions: 1
2019/10/29-09:03:58.635033 7fa7687ba700                        Options.compaction_style: kCompactionStyleLevel
2019/10/29-09:03:58.635035 7fa7687ba700                          Options.compaction_pri: kByCompensatedSize
2019/10/29-09:03:58.635036 7fa7687ba700 Options.compaction_options_universal.size_ratio: 1
2019/10/29-09:03:58.635038 7fa7687ba700 Options.compaction_options_universal.min_merge_width: 2
2019/10/29-09:03:58.635039 7fa7687ba700 Options.compaction_options_universal.max_merge_width: 4294967295
2019/10/29-09:03:58.635040 7fa7687ba700 Options.compaction_options_universal.max_size_amplification_percent: 200
2019/10/29-09:03:58.635042 7fa7687ba700 Options.compaction_options_universal.compression_size_percent: -1
2019/10/29-09:03:58.635043 7fa7687ba700 Options.compaction_options_universal.stop_style: kCompactionStopStyleTotalSize
2019/10/29-09:03:58.635044 7fa7687ba700 Options.compaction_options_fifo.max_table_files_size: 1073741824
2019/10/29-09:03:58.635046 7fa7687ba700 Options.compaction_options_fifo.allow_compaction: 0
2019/10/29-09:03:58.635047 7fa7687ba700 Options.compaction_options_fifo.ttl: 0
2019/10/29-09:03:58.635048 7fa7687ba700                   Options.table_properties_collectors: 
2019/10/29-09:03:58.635050 7fa7687ba700                   Options.inplace_update_support: 0
2019/10/29-09:03:58.635051 7fa7687ba700                 Options.inplace_update_num_locks: 10000
2019/10/29-09:03:58.635052 7fa7687ba700               Options.memtable_prefix_bloom_size_ratio: 0.000000
2019/10/29-09:03:58.635054 7fa7687ba700   Options.memtable_huge_page_size: 0
2019/10/29-09:03:58.635056 7fa7687ba700                           Options.bloom_locality: 0
2019/10/29-09:03:58.635057 7fa7687ba700                    Options.max_successive_merges: 0
2019/10/29-09:03:58.635058 7fa7687ba700                Options.optimize_filters_for_hits: 0
2019/10/29-09:03:58.635060 7fa7687ba700                Options.paranoid_file_checks: 0
2019/10/29-09:03:58.635066 7fa7687ba700                Options.force_consistency_checks: 0
2019/10/29-09:03:58.635067 7fa7687ba700                Options.report_bg_io_stats: 0
2019/10/29-09:03:58.635068 7fa7687ba700                               Options.ttl: 0
2019/10/29-09:03:58.635123 7fa7687ba700 [db/version_set.cc:3529] Recovered from manifest file:/var/lib/node/data/database/MANIFEST-000001 succeeded,manifest_file_number is 1, next_file_number is 3, last_sequence is 0, log_number is 0,prev_log_number is 0,max_column_family is 0,min_log_number_to_keep is 0
2019/10/29-09:03:58.635127 7fa7687ba700 [db/version_set.cc:3537] Column family [default] (ID 0), log number is 0
2019/10/29-09:03:58.635282 7fa7687ba700 [db/version_set.cc:2906] Creating manifest 4
2019/10/29-09:03:58.642478 7fa7687ba700 [db/column_family.cc:475] --------------- Options for column family []:
2019/10/29-09:03:58.642488 7fa7687ba700               Options.comparator: leveldb.BytewiseComparator
2019/10/29-09:03:58.642490 7fa7687ba700           Options.merge_operator: None
2019/10/29-09:03:58.642491 7fa7687ba700        Options.compaction_filter: None
2019/10/29-09:03:58.642493 7fa7687ba700        Options.compaction_filter_factory: None
2019/10/29-09:03:58.642494 7fa7687ba700         Options.memtable_factory: SkipListFactory
2019/10/29-09:03:58.642496 7fa7687ba700            Options.table_factory: BlockBasedTable
2019/10/29-09:03:58.642525 7fa7687ba700            table_factory options:   flush_block_policy_factory: FlushBlockBySizePolicyFactory (0x7fa76126ac70)
  cache_index_and_filter_blocks: 0
  cache_index_and_filter_blocks_with_high_priority: 0
  pin_l0_filter_and_index_blocks_in_cache: 0
  pin_top_level_index_and_filter: 1
  index_type: 0
  hash_index_allow_collision: 1
  checksum: 1
  no_block_cache: 0
  block_cache: 0x7fa76126acb0
  block_cache_name: LRUCache
  block_cache_options:
    capacity : 8388608
    num_shard_bits : 4
    strict_capacity_limit : 0
    high_pri_pool_ratio: 0.000
  block_cache_compressed: (nil)
  persistent_cache: (nil)
  block_size: 4096
  block_size_deviation: 10
  block_restart_interval: 16
  index_block_restart_interval: 1
  metadata_block_size: 4096
  partition_filters: 0
  use_delta_encoding: 1
  filter_policy: nullptr
  whole_key_filtering: 1
  verify_compression: 0
  read_amp_bytes_per_bit: 0
  format_version: 2
  enable_index_compression: 1
  block_align: 0
2019/10/29-09:03:58.642527 7fa7687ba700        Options.write_buffer_size: 67108864
2019/10/29-09:03:58.642528 7fa7687ba700  Options.max_write_buffer_number: 2
2019/10/29-09:03:58.642530 7fa7687ba700          Options.compression: Snappy
2019/10/29-09:03:58.642531 7fa7687ba700                  Options.bottommost_compression: Disabled
2019/10/29-09:03:58.642533 7fa7687ba700       Options.prefix_extractor: nullptr
2019/10/29-09:03:58.642534 7fa7687ba700   Options.memtable_insert_with_hint_prefix_extractor: nullptr
2019/10/29-09:03:58.642535 7fa7687ba700             Options.num_levels: 7
2019/10/29-09:03:58.642536 7fa7687ba700        Options.min_write_buffer_number_to_merge: 1
2019/10/29-09:03:58.642538 7fa7687ba700     Options.max_write_buffer_number_to_maintain: 2
2019/10/29-09:03:58.642539 7fa7687ba700            Options.bottommost_compression_opts.window_bits: -14
2019/10/29-09:03:58.642540 7fa7687ba700                  Options.bottommost_compression_opts.level: 32767
2019/10/29-09:03:58.642542 7fa7687ba700               Options.bottommost_compression_opts.strategy: 0
2019/10/29-09:03:58.642543 7fa7687ba700         Options.bottommost_compression_opts.max_dict_bytes: 0
2019/10/29-09:03:58.642545 7fa7687ba700         Options.bottommost_compression_opts.zstd_max_train_bytes: 0
2019/10/29-09:03:58.642546 7fa7687ba700                  Options.bottommost_compression_opts.enabled: false
2019/10/29-09:03:58.642548 7fa7687ba700            Options.compression_opts.window_bits: -14
2019/10/29-09:03:58.642549 7fa7687ba700                  Options.compression_opts.level: 32767
2019/10/29-09:03:58.642551 7fa7687ba700               Options.compression_opts.strategy: 0
2019/10/29-09:03:58.642552 7fa7687ba700         Options.compression_opts.max_dict_bytes: 0
2019/10/29-09:03:58.642553 7fa7687ba700         Options.compression_opts.zstd_max_train_bytes: 0
2019/10/29-09:03:58.642555 7fa7687ba700                  Options.compression_opts.enabled: false
2019/10/29-09:03:58.642556 7fa7687ba700      Options.level0_file_num_compaction_trigger: 4
2019/10/29-09:03:58.642558 7fa7687ba700          Options.level0_slowdown_writes_trigger: 20
2019/10/29-09:03:58.642559 7fa7687ba700              Options.level0_stop_writes_trigger: 36
2019/10/29-09:03:58.642560 7fa7687ba700                   Options.target_file_size_base: 67108864
2019/10/29-09:03:58.642562 7fa7687ba700             Options.target_file_size_multiplier: 1
2019/10/29-09:03:58.642563 7fa7687ba700                Options.max_bytes_for_level_base: 268435456
2019/10/29-09:03:58.642578 7fa7687ba700 Options.level_compaction_dynamic_level_bytes: 0
2019/10/29-09:03:58.642580 7fa7687ba700          Options.max_bytes_for_level_multiplier: 10.000000
2019/10/29-09:03:58.642584 7fa7687ba700 Options.max_bytes_for_level_multiplier_addtl[0]: 1
2019/10/29-09:03:58.642585 7fa7687ba700 Options.max_bytes_for_level_multiplier_addtl[1]: 1
2019/10/29-09:03:58.642587 7fa7687ba700 Options.max_bytes_for_level_multiplier_addtl[2]: 1
2019/10/29-09:03:58.642588 7fa7687ba700 Options.max_bytes_for_level_multiplier_addtl[3]: 1
2019/10/29-09:03:58.642590 7fa7687ba700 Options.max_bytes_for_level_multiplier_addtl[4]: 1
2019/10/29-09:03:58.642591 7fa7687ba700 Options.max_bytes_for_level_multiplier_addtl[5]: 1
2019/10/29-09:03:58.642593 7fa7687ba700 Options.max_bytes_for_level_multiplier_addtl[6]: 1
2019/10/29-09:03:58.642594 7fa7687ba700       Options.max_sequential_skip_in_iterations: 8
2019/10/29-09:03:58.642595 7fa7687ba700                    Options.max_compaction_bytes: 1677721600
2019/10/29-09:03:58.642597 7fa7687ba700                        Options.arena_block_size: 8388608
2019/10/29-09:03:58.642598 7fa7687ba700   Options.soft_pending_compaction_bytes_limit: 68719476736
2019/10/29-09:03:58.642600 7fa7687ba700   Options.hard_pending_compaction_bytes_limit: 274877906944
2019/10/29-09:03:58.642601 7fa7687ba700       Options.rate_limit_delay_max_milliseconds: 100
2019/10/29-09:03:58.642602 7fa7687ba700                Options.disable_auto_compactions: 1
2019/10/29-09:03:58.642604 7fa7687ba700                        Options.compaction_style: kCompactionStyleLevel
2019/10/29-09:03:58.642606 7fa7687ba700                          Options.compaction_pri: kByCompensatedSize
2019/10/29-09:03:58.642607 7fa7687ba700 Options.compaction_options_universal.size_ratio: 1
2019/10/29-09:03:58.642609 7fa7687ba700 Options.compaction_options_universal.min_merge_width: 2
2019/10/29-09:03:58.642610 7fa7687ba700 Options.compaction_options_universal.max_merge_width: 4294967295
2019/10/29-09:03:58.642611 7fa7687ba700 Options.compaction_options_universal.max_size_amplification_percent: 200
2019/10/29-09:03:58.642612 7fa7687ba700 Options.compaction_options_universal.compression_size_percent: -1
2019/10/29-09:03:58.642614 7fa7687ba700 Options.compaction_options_universal.stop_style: kCompactionStopStyleTotalSize
2019/10/29-09:03:58.642615 7fa7687ba700 Options.compaction_options_fifo.max_table_files_size: 1073741824
2019/10/29-09:03:58.642616 7fa7687ba700 Options.compaction_options_fifo.allow_compaction: 0
2019/10/29-09:03:58.642618 7fa7687ba700 Options.compaction_options_fifo.ttl: 0
2019/10/29-09:03:58.642619 7fa7687ba700                   Options.table_properties_collectors: 
2019/10/29-09:03:58.642621 7fa7687ba700                   Options.inplace_update_support: 0
2019/10/29-09:03:58.642622 7fa7687ba700                 Options.inplace_update_num_locks: 10000
2019/10/29-09:03:58.642623 7fa7687ba700               Options.memtable_prefix_bloom_size_ratio: 0.000000
2019/10/29-09:03:58.642625 7fa7687ba700   Options.memtable_huge_page_size: 0
2019/10/29-09:03:58.642626 7fa7687ba700                           Options.bloom_locality: 0
2019/10/29-09:03:58.642627 7fa7687ba700                    Options.max_successive_merges: 0
2019/10/29-09:03:58.642629 7fa7687ba700                Options.optimize_filters_for_hits: 0
2019/10/29-09:03:58.642630 7fa7687ba700                Options.paranoid_file_checks: 0
2019/10/29-09:03:58.642631 7fa7687ba700                Options.force_consistency_checks: 0
2019/10/29-09:03:58.642632 7fa7687ba700                Options.report_bg_io_stats: 0
2019/10/29-09:03:58.642634 7fa7687ba700                               Options.ttl: 0
2019/10/29-09:03:58.642681 7fa7687ba700 [db/db_impl.cc:1445] Created column family [] (ID 1)
2019/10/29-09:03:58.648353 7fa7687ba700 [db/column_family.cc:475] --------------- Options for column family []:
2019/10/29-09:03:58.648370 7fa7687ba700               Options.comparator: leveldb.BytewiseComparator
2019/10/29-09:03:58.648372 7fa7687ba700           Options.merge_operator: None
2019/10/29-09:03:58.648374 7fa7687ba700        Options.compaction_filter: None
2019/10/29-09:03:58.648375 7fa7687ba700        Options.compaction_filter_factory: None
2019/10/29-09:03:58.648377 7fa7687ba700         Options.memtable_factory: SkipListFactory
2019/10/29-09:03:58.648379 7fa7687ba700            Options.table_factory: BlockBasedTable
2019/10/29-09:03:58.648405 7fa7687ba700            table_factory options:   flush_block_policy_factory: FlushBlockBySizePolicyFactory (0x7fa76126b880)
  cache_index_and_filter_blocks: 0
  cache_index_and_filter_blocks_with_high_priority: 0
  pin_l0_filter_and_index_blocks_in_cache: 0
  pin_top_level_index_and_filter: 1
  index_type: 0
  hash_index_allow_collision: 1
  checksum: 1
  no_block_cache: 0
  block_cache: 0x7fa76126d010
  block_cache_name: LRUCache
  block_cache_options:
    capacity : 8388608
    num_shard_bits : 4
    strict_capacity_limit : 0
    high_pri_pool_ratio: 0.000
  block_cache_compressed: (nil)
  persistent_cache: (nil)
  block_size: 4096
  block_size_deviation: 10
  block_restart_interval: 16
  index_block_restart_interval: 1
  metadata_block_size: 4096
  partition_filters: 0
  use_delta_encoding: 1
  filter_policy: nullptr
  whole_key_filtering: 1
  verify_compression: 0
  read_amp_bytes_per_bit: 0
  format_version: 2
  enable_index_compression: 1
  block_align: 0
2019/10/29-09:03:58.648407 7fa7687ba700        Options.write_buffer_size: 67108864
2019/10/29-09:03:58.648408 7fa7687ba700  Options.max_write_buffer_number: 2
2019/10/29-09:03:58.648410 7fa7687ba700          Options.compression: Snappy
2019/10/29-09:03:58.648412 7fa7687ba700                  Options.bottommost_compression: Disabled
2019/10/29-09:03:58.648414 7fa7687ba700       Options.prefix_extractor: nullptr
2019/10/29-09:03:58.648415 7fa7687ba700   Options.memtable_insert_with_hint_prefix_extractor: nullptr
2019/10/29-09:03:58.648416 7fa7687ba700             Options.num_levels: 7
2019/10/29-09:03:58.648418 7fa7687ba700        Options.min_write_buffer_number_to_merge: 1
2019/10/29-09:03:58.648419 7fa7687ba700     Options.max_write_buffer_number_to_maintain: 2
2019/10/29-09:03:58.648420 7fa7687ba700            Options.bottommost_compression_opts.window_bits: -14
2019/10/29-09:03:58.648422 7fa7687ba700                  Options.bottommost_compression_opts.level: 32767
2019/10/29-09:03:58.648423 7fa7687ba700               Options.bottommost_compression_opts.strategy: 0
2019/10/29-09:03:58.648424 7fa7687ba700         Options.bottommost_compression_opts.max_dict_bytes: 0
2019/10/29-09:03:58.648426 7fa7687ba700         Options.bottommost_compression_opts.zstd_max_train_bytes: 0
2019/10/29-09:03:58.648427 7fa7687ba700                  Options.bottommost_compression_opts.enabled: false
2019/10/29-09:03:58.648429 7fa7687ba700            Options.compression_opts.window_bits: -14
2019/10/29-09:03:58.648430 7fa7687ba700                  Options.compression_opts.level: 32767
2019/10/29-09:03:58.648432 7fa7687ba700               Options.compression_opts.strategy: 0
2019/10/29-09:03:58.648433 7fa7687ba700         Options.compression_opts.max_dict_bytes: 0
2019/10/29-09:03:58.648434 7fa7687ba700         Options.compression_opts.zstd_max_train_bytes: 0
2019/10/29-09:03:58.648435 7fa7687ba700                  Options.compression_opts.enabled: false
2019/10/29-09:03:58.648437 7fa7687ba700      Options.level0_file_num_compaction_trigger: 4
2019/10/29-09:03:58.648438 7fa7687ba700          Options.level0_slowdown_writes_trigger: 20
2019/10/29-09:03:58.648439 7fa7687ba700              Options.level0_stop_writes_trigger: 36
2019/10/29-09:03:58.648441 7fa7687ba700                   Options.target_file_size_base: 67108864
2019/10/29-09:03:58.648442 7fa7687ba700             Options.target_file_size_multiplier: 1
2019/10/29-09:03:58.648443 7fa7687ba700                Options.max_bytes_for_level_base: 268435456
2019/10/29-09:03:58.648474 7fa7687ba700 Options.level_compaction_dynamic_level_bytes: 0
2019/10/29-09:03:58.648476 7fa7687ba700          Options.max_bytes_for_level_multiplier: 10.000000
2019/10/29-09:03:58.648495 7fa7687ba700 Options.max_bytes_for_level_multiplier_addtl[0]: 1
2019/10/29-09:03:58.648497 7fa7687ba700 Options.max_bytes_for_level_multiplier_addtl[1]: 1
2019/10/29-09:03:58.648498 7fa7687ba700 Options.max_bytes_for_level_multiplier_addtl[2]: 1
2019/10/29-09:03:58.648500 7fa7687ba700 Options.max_bytes_for_level_multiplier_addtl[3]: 1
2019/10/29-09:03:58.648501 7fa7687ba700 Options.max_bytes_for_level_multiplier_addtl[4]: 1
2019/10/29-09:03:58.648502 7fa7687ba700 Options.max_bytes_for_level_multiplier_addtl[5]: 1
2019/10/29-09:03:58.648504 7fa7687ba700 Options.max_bytes_for_level_multiplier_addtl[6]: 1
2019/10/29-09:03:58.648505 7fa7687ba700       Options.max_sequential_skip_in_iterations: 8
2019/10/29-09:03:58.648507 7fa7687ba700                    Options.max_compaction_bytes: 1677721600
2019/10/29-09:03:58.648508 7fa7687ba700                        Options.arena_block_size: 8388608
2019/10/29-09:03:58.648509 7fa7687ba700   Options.soft_pending_compaction_bytes_limit: 68719476736
2019/10/29-09:03:58.648511 7fa7687ba700   Options.hard_pending_compaction_bytes_limit: 274877906944
2019/10/29-09:03:58.648512 7fa7687ba700       Options.rate_limit_delay_max_milliseconds: 100
2019/10/29-09:03:58.648514 7fa7687ba700                Options.disable_auto_compactions: 1
2019/10/29-09:03:58.648516 7fa7687ba700                        Options.compaction_style: kCompactionStyleLevel
2019/10/29-09:03:58.648517 7fa7687ba700                          Options.compaction_pri: kByCompensatedSize
2019/10/29-09:03:58.648535 7fa7687ba700 Options.compaction_options_universal.size_ratio: 1
2019/10/29-09:03:58.648536 7fa7687ba700 Options.compaction_options_universal.min_merge_width: 2
2019/10/29-09:03:58.648538 7fa7687ba700 Options.compaction_options_universal.max_merge_width: 4294967295
2019/10/29-09:03:58.648539 7fa7687ba700 Options.compaction_options_universal.max_size_amplification_percent: 200
2019/10/29-09:03:58.648540 7fa7687ba700 Options.compaction_options_universal.compression_size_percent: -1
2019/10/29-09:03:58.648541 7fa7687ba700 Options.compaction_options_universal.stop_style: kCompactionStopStyleTotalSize
2019/10/29-09:03:58.648543 7fa7687ba700 Options.compaction_options_fifo.max_table_files_size: 1073741824
2019/10/29-09:03:58.648544 7fa7687ba700 Options.compaction_options_fifo.allow_compaction: 0
2019/10/29-09:03:58.648545 7fa7687ba700 Options.compaction_options_fifo.ttl: 0
2019/10/29-09:03:58.648546 7fa7687ba700                   Options.table_properties_collectors: 
2019/10/29-09:03:58.648548 7fa7687ba700                   Options.inplace_update_support: 0
2019/10/29-09:03:58.648549 7fa7687ba700                 Options.inplace_update_num_locks: 10000
2019/10/29-09:03:58.648550 7fa7687ba700               Options.memtable_prefix_bloom_size_ratio: 0.000000
2019/10/29-09:03:58.648552 7fa7687ba700   Options.memtable_huge_page_size: 0
2019/10/29-09:03:58.648554 7fa7687ba700                           Options.bloom_locality: 0
2019/10/29-09:03:58.648555 7fa7687ba700                    Options.max_successive_merges: 0
2019/10/29-09:03:58.648573 7fa7687ba700                Options.optimize_filters_for_hits: 0
2019/10/29-09:03:58.648574 7fa7687ba700                Options.paranoid_file_checks: 0
2019/10/29-09:03:58.648576 7fa7687ba700                Options.force_consistency_checks: 0
2019/10/29-09:03:58.648577 7fa7687ba700                Options.report_bg_io_stats: 0
2019/10/29-09:03:58.648578 7fa7687ba700                               Options.ttl: 0
2019/10/29-09:03:58.648634 7fa7687ba700 [db/db_impl.cc:1445] Created column family [] (ID 2)
2019/10/29-09:03:58.654557 7fa7687ba700 [db/column_family.cc:475] --------------- Options for column family []:
2019/10/29-09:03:58.654566 7fa7687ba700               Options.comparator: leveldb.BytewiseComparator
2019/10/29-09:03:58.654567 7fa7687ba700           Options.merge_operator: None
2019/10/29-09:03:58.654568 7fa7687ba700        Options.compaction_filter: None
2019/10/29-09:03:58.654569 7fa7687ba700        Options.compaction_filter_factory: None
2019/10/29-09:03:58.654570 7fa7687ba700         Options.memtable_factory: SkipListFactory
2019/10/29-09:03:58.654571 7fa7687ba700            Options.table_factory: BlockBasedTable
2019/10/29-09:03:58.654583 7fa7687ba700            table_factory options:   flush_block_policy_factory: FlushBlockBySizePolicyFactory (0x7fa76126e980)
  cache_index_and_filter_blocks: 0
  cache_index_and_filter_blocks_with_high_priority: 0
  pin_l0_filter_and_index_blocks_in_cache: 0
  pin_top_level_index_and_filter: 1
  index_type: 0
  hash_index_allow_collision: 1
  checksum: 1
  no_block_cache: 0
  block_cache: 0x7fa76126e090
  block_cache_name: LRUCache
  block_cache_options:
    capacity : 8388608
    num_shard_bits : 4
    strict_capacity_limit : 0
    high_pri_pool_ratio: 0.000
  block_cache_compressed: (nil)
  persistent_cache: (nil)
  block_size: 4096
  block_size_deviation: 10
  block_restart_interval: 16
  index_block_restart_interval: 1
  metadata_block_size: 4096
  partition_filters: 0
  use_delta_encoding: 1
  filter_policy: nullptr
  whole_key_filtering: 1
  verify_compression: 0
  read_amp_bytes_per_bit: 0
  format_version: 2
  enable_index_compression: 1
  block_align: 0
2019/10/29-09:03:58.654585 7fa7687ba700        Options.write_buffer_size: 67108864
2019/10/29-09:03:58.654585 7fa7687ba700  Options.max_write_buffer_number: 2
2019/10/29-09:03:58.654587 7fa7687ba700          Options.compression: Snappy
2019/10/29-09:03:58.654588 7fa7687ba700                  Options.bottommost_compression: Disabled
2019/10/29-09:03:58.654588 7fa7687ba700       Options.prefix_extractor: nullptr
2019/10/29-09:03:58.654589 7fa7687ba700   Options.memtable_insert_with_hint_prefix_extractor: nullptr
2019/10/29-09:03:58.654590 7fa7687ba700             Options.num_levels: 7
2019/10/29-09:03:58.654591 7fa7687ba700        Options.min_write_buffer_number_to_merge: 1
2019/10/29-09:03:58.654592 7fa7687ba700     Options.max_write_buffer_number_to_maintain: 2
2019/10/29-09:03:58.654592 7fa7687ba700            Options.bottommost_compression_opts.window_bits: -14
2019/10/29-09:03:58.654593 7fa7687ba700                  Options.bottommost_compression_opts.level: 32767
2019/10/29-09:03:58.654594 7fa7687ba700               Options.bottommost_compression_opts.strategy: 0
2019/10/29-09:03:58.654595 7fa7687ba700         Options.bottommost_compression_opts.max_dict_bytes: 0
2019/10/29-09:03:58.654596 7fa7687ba700         Options.bottommost_compression_opts.zstd_max_train_bytes: 0
2019/10/29-09:03:58.654596 7fa7687ba700                  Options.bottommost_compression_opts.enabled: false
2019/10/29-09:03:58.654597 7fa7687ba700            Options.compression_opts.window_bits: -14
2019/10/29-09:03:58.654598 7fa7687ba700                  Options.compression_opts.level: 32767
2019/10/29-09:03:58.654599 7fa7687ba700               Options.compression_opts.strategy: 0
2019/10/29-09:03:58.654600 7fa7687ba700         Options.compression_opts.max_dict_bytes: 0
2019/10/29-09:03:58.654601 7fa7687ba700         Options.compression_opts.zstd_max_train_bytes: 0
2019/10/29-09:03:58.654601 7fa7687ba700                  Options.compression_opts.enabled: false
2019/10/29-09:03:58.654602 7fa7687ba700      Options.level0_file_num_compaction_trigger: 4
2019/10/29-09:03:58.654603 7fa7687ba700          Options.level0_slowdown_writes_trigger: 20
2019/10/29-09:03:58.654604 7fa7687ba700              Options.level0_stop_writes_trigger: 36
2019/10/29-09:03:58.654604 7fa7687ba700                   Options.target_file_size_base: 67108864
2019/10/29-09:03:58.654605 7fa7687ba700             Options.target_file_size_multiplier: 1
2019/10/29-09:03:58.654606 7fa7687ba700                Options.max_bytes_for_level_base: 268435456
2019/10/29-09:03:58.654613 7fa7687ba700 Options.level_compaction_dynamic_level_bytes: 0
2019/10/29-09:03:58.654614 7fa7687ba700          Options.max_bytes_for_level_multiplier: 10.000000
2019/10/29-09:03:58.654616 7fa7687ba700 Options.max_bytes_for_level_multiplier_addtl[0]: 1
2019/10/29-09:03:58.654617 7fa7687ba700 Options.max_bytes_for_level_multiplier_addtl[1]: 1
2019/10/29-09:03:58.654618 7fa7687ba700 Options.max_bytes_for_level_multiplier_addtl[2]: 1
2019/10/29-09:03:58.654619 7fa7687ba700 Options.max_bytes_for_level_multiplier_addtl[3]: 1
2019/10/29-09:03:58.654620 7fa7687ba700 Options.max_bytes_for_level_multiplier_addtl[4]: 1
2019/10/29-09:03:58.654621 7fa7687ba700 Options.max_bytes_for_level_multiplier_addtl[5]: 1
2019/10/29-09:03:58.654622 7fa7687ba700 Options.max_bytes_for_level_multiplier_addtl[6]: 1
2019/10/29-09:03:58.654622 7fa7687ba700       Options.max_sequential_skip_in_iterations: 8
2019/10/29-09:03:58.654623 7fa7687ba700                    Options.max_compaction_bytes: 1677721600
2019/10/29-09:03:58.654624 7fa7687ba700                        Options.arena_block_size: 8388608
2019/10/29-09:03:58.654625 7fa7687ba700   Options.soft_pending_compaction_bytes_limit: 68719476736
2019/10/29-09:03:58.654626 7fa7687ba700   Options.hard_pending_compaction_bytes_limit: 274877906944
2019/10/29-09:03:58.654627 7fa7687ba700       Options.rate_limit_delay_max_milliseconds: 100
2019/10/29-09:03:58.654627 7fa7687ba700                Options.disable_auto_compactions: 1
2019/10/29-09:03:58.654629 7fa7687ba700                        Options.compaction_style: kCompactionStyleLevel
2019/10/29-09:03:58.654630 7fa7687ba700                          Options.compaction_pri: kByCompensatedSize
2019/10/29-09:03:58.654630 7fa7687ba700 Options.compaction_options_universal.size_ratio: 1
2019/10/29-09:03:58.654631 7fa7687ba700 Options.compaction_options_universal.min_merge_width: 2
2019/10/29-09:03:58.654632 7fa7687ba700 Options.compaction_options_universal.max_merge_width: 4294967295
2019/10/29-09:03:58.654633 7fa7687ba700 Options.compaction_options_universal.max_size_amplification_percent: 200
2019/10/29-09:03:58.654634 7fa7687ba700 Options.compaction_options_universal.compression_size_percent: -1
2019/10/29-09:03:58.654635 7fa7687ba700 Options.compaction_options_universal.stop_style: kCompactionStopStyleTotalSize
2019/10/29-09:03:58.654635 7fa7687ba700 Options.compaction_options_fifo.max_table_files_size: 1073741824
2019/10/29-09:03:58.654636 7fa7687ba700 Options.compaction_options_fifo.allow_compaction: 0
2019/10/29-09:03:58.654637 7fa7687ba700 Options.compaction_options_fifo.ttl: 0
2019/10/29-09:03:58.654638 7fa7687ba700                   Options.table_properties_collectors: 
2019/10/29-09:03:58.654639 7fa7687ba700                   Options.inplace_update_support: 0
2019/10/29-09:03:58.654639 7fa7687ba700                 Options.inplace_update_num_locks: 10000
2019/10/29-09:03:58.654640 7fa7687ba700               Options.memtable_prefix_bloom_size_ratio: 0.000000
2019/10/29-09:03:58.654641 7fa7687ba700   Options.memtable_huge_page_size: 0
2019/10/29-09:03:58.654642 7fa7687ba700                           Options.bloom_locality: 0
2019/10/29-09:03:58.654643 7fa7687ba700                    Options.max_successive_merges: 0
2019/10/29-09:03:58.654644 7fa7687ba700                Options.optimize_filters_for_hits: 0
2019/10/29-09:03:58.654644 7fa7687ba700                Options.paranoid_file_checks: 0
2019/10/29-09:03:58.654645 7fa7687ba700                Options.force_consistency_checks: 0
2019/10/29-09:03:58.654646 7fa7687ba700                Options.report_bg_io_stats: 0
2019/10/29-09:03:58.654647 7fa7687ba700                               Options.ttl: 0
2019/10/29-09:03:58.654680 7fa7687ba700 [db/db_impl.cc:1445] Created column family [] (ID 3)
2019/10/29-09:03:58.660612 7fa7687ba700 [db/column_family.cc:475] --------------- Options for column family []:
2019/10/29-09:03:58.660621 7fa7687ba700               Options.comparator: leveldb.BytewiseComparator
2019/10/29-09:03:58.660623 7fa7687ba700           Options.merge_operator: None
2019/10/29-09:03:58.660624 7fa7687ba700        Options.compaction_filter: None
2019/10/29-09:03:58.660625 7fa7687ba700        Options.compaction_filter_factory: None
