2019/10/29-09:03:58.484679 7fa7687ba700 RocksDB version: 5.15.10
2019/10/29-09:03:58.484750 7fa7687ba700 Git sha rocksdb_build_git_sha:
2019/10/29-09:03:58.484755 7fa7687ba700 Compile date Oct  9 2018
2019/10/29-09:03:58.484758 7fa7687ba700 DB SUMMARY
2019/10/29-09:03:58.484792 7fa7687ba700 SST files in /var/lib/node/data/database/private dir, Total Num: 0, files: 
2019/10/29-09:03:58.484798 7fa7687ba700 Write Ahead Log file in /var/lib/node/data/database/private: 
2019/10/29-09:03:58.484802 7fa7687ba700                         Options.error_if_exists: 0
2019/10/29-09:03:58.484804 7fa7687ba700                       Options.create_if_missing: 1
2019/10/29-09:03:58.484805 7fa7687ba700                         Options.paranoid_checks: 1
2019/10/29-09:03:58.484806 7fa7687ba700                                     Options.env: 0x7fa72946f100
2019/10/29-09:03:58.484808 7fa7687ba700                                Options.info_log: 0x7fa7611f49d0
2019/10/29-09:03:58.484809 7fa7687ba700                Options.max_file_opening_threads: 16
2019/10/29-09:03:58.484811 7fa7687ba700                              Options.statistics: 0x7fa761191250
2019/10/29-09:03:58.484812 7fa7687ba700                               Options.use_fsync: 0
2019/10/29-09:03:58.484813 7fa7687ba700                       Options.max_log_file_size: 0
2019/10/29-09:03:58.484815 7fa7687ba700                  Options.max_manifest_file_size: 1073741824
2019/10/29-09:03:58.484817 7fa7687ba700                   Options.log_file_time_to_roll: 0
2019/10/29-09:03:58.484818 7fa7687ba700                       Options.keep_log_file_num: 1000
2019/10/29-09:03:58.484820 7fa7687ba700                    Options.recycle_log_file_num: 0
2019/10/29-09:03:58.484821 7fa7687ba700                         Options.allow_fallocate: 1
2019/10/29-09:03:58.484822 7fa7687ba700                        Options.allow_mmap_reads: 0
2019/10/29-09:03:58.484824 7fa7687ba700                       Options.allow_mmap_writes: 0
2019/10/29-09:03:58.484825 7fa7687ba700                        Options.use_direct_reads: 0
2019/10/29-09:03:58.484826 7fa7687ba700                        Options.use_direct_io_for_flush_and_compaction: 0
2019/10/29-09:03:58.484828 7fa7687ba700          Options.create_missing_column_families: 1
2019/10/29-09:03:58.484829 7fa7687ba700                              Options.db_log_dir: 
2019/10/29-09:03:58.484830 7fa7687ba700                                 Options.wal_dir: /var/lib/node/data/database/private
2019/10/29-09:03:58.484832 7fa7687ba700                Options.table_cache_numshardbits: 6
2019/10/29-09:03:58.484833 7fa7687ba700                      Options.max_subcompactions: 1
2019/10/29-09:03:58.484834 7fa7687ba700                  Options.max_background_flushes: -1
2019/10/29-09:03:58.484836 7fa7687ba700                         Options.WAL_ttl_seconds: 0
2019/10/29-09:03:58.484837 7fa7687ba700                       Options.WAL_size_limit_MB: 0
2019/10/29-09:03:58.484838 7fa7687ba700             Options.manifest_preallocation_size: 4194304
2019/10/29-09:03:58.484839 7fa7687ba700                     Options.is_fd_close_on_exec: 1
2019/10/29-09:03:58.484840 7fa7687ba700                   Options.advise_random_on_open: 1
2019/10/29-09:03:58.484842 7fa7687ba700                    Options.db_write_buffer_size: 0
2019/10/29-09:03:58.484843 7fa7687ba700                    Options.write_buffer_manager: 0x7fa7611f1f30
2019/10/29-09:03:58.484844 7fa7687ba700         Options.access_hint_on_compaction_start: 1
2019/10/29-09:03:58.484846 7fa7687ba700  Options.new_table_reader_for_compaction_inputs: 0
2019/10/29-09:03:58.484847 7fa7687ba700           Options.random_access_max_buffer_size: 1048576
2019/10/29-09:03:58.484848 7fa7687ba700                      Options.use_adaptive_mutex: 0
2019/10/29-09:03:58.484849 7fa7687ba700                            Options.rate_limiter: (nil)
2019/10/29-09:03:58.484853 7fa7687ba700     Options.sst_file_manager.rate_bytes_per_sec: 0
2019/10/29-09:03:58.484855 7fa7687ba700                       Options.wal_recovery_mode: 2
2019/10/29-09:03:58.484857 7fa7687ba700                  Options.enable_thread_tracking: 0
2019/10/29-09:03:58.484858 7fa7687ba700                  Options.enable_pipelined_write: 0
2019/10/29-09:03:58.484874 7fa7687ba700         Options.allow_concurrent_memtable_write: 1
2019/10/29-09:03:58.484875 7fa7687ba700      Options.enable_write_thread_adaptive_yield: 1
2019/10/29-09:03:58.484877 7fa7687ba700             Options.write_thread_max_yield_usec: 100
2019/10/29-09:03:58.484878 7fa7687ba700            Options.write_thread_slow_yield_usec: 3
2019/10/29-09:03:58.484879 7fa7687ba700                               Options.row_cache: None
2019/10/29-09:03:58.484881 7fa7687ba700                              Options.wal_filter: None
2019/10/29-09:03:58.484882 7fa7687ba700             Options.avoid_flush_during_recovery: 0
2019/10/29-09:03:58.484883 7fa7687ba700             Options.allow_ingest_behind: 0
2019/10/29-09:03:58.484884 7fa7687ba700             Options.preserve_deletes: 0
2019/10/29-09:03:58.484886 7fa7687ba700             Options.two_write_queues: 0
2019/10/29-09:03:58.484887 7fa7687ba700             Options.manual_wal_flush: 0
2019/10/29-09:03:58.484889 7fa7687ba700             Options.max_background_jobs: 2
2019/10/29-09:03:58.484890 7fa7687ba700             Options.max_background_compactions: 4
2019/10/29-09:03:58.484891 7fa7687ba700             Options.avoid_flush_during_shutdown: 0
2019/10/29-09:03:58.484892 7fa7687ba700           Options.writable_file_max_buffer_size: 1048576
2019/10/29-09:03:58.484894 7fa7687ba700             Options.delayed_write_rate : 16777216
2019/10/29-09:03:58.484895 7fa7687ba700             Options.max_total_wal_size: 0
2019/10/29-09:03:58.484896 7fa7687ba700             Options.delete_obsolete_files_period_micros: 21600000000
2019/10/29-09:03:58.484897 7fa7687ba700                   Options.stats_dump_period_sec: 600
2019/10/29-09:03:58.484898 7fa7687ba700                          Options.max_open_files: 1024
2019/10/29-09:03:58.484900 7fa7687ba700                          Options.bytes_per_sync: 0
2019/10/29-09:03:58.484901 7fa7687ba700                      Options.wal_bytes_per_sync: 0
2019/10/29-09:03:58.484903 7fa7687ba700       Options.compaction_readahead_size: 0
2019/10/29-09:03:58.484904 7fa7687ba700 Compression algorithms supported:
2019/10/29-09:03:58.484906 7fa7687ba700 	kZSTDNotFinalCompression supported: 1
2019/10/29-09:03:58.484915 7fa7687ba700 	kZSTD supported: 1
2019/10/29-09:03:58.484917 7fa7687ba700 	kXpressCompression supported: 0
2019/10/29-09:03:58.484918 7fa7687ba700 	kLZ4HCCompression supported: 1
2019/10/29-09:03:58.484920 7fa7687ba700 	kLZ4Compression supported: 1
2019/10/29-09:03:58.484921 7fa7687ba700 	kBZip2Compression supported: 1
2019/10/29-09:03:58.484922 7fa7687ba700 	kZlibCompression supported: 1
2019/10/29-09:03:58.484924 7fa7687ba700 	kSnappyCompression supported: 1
2019/10/29-09:03:58.484930 7fa7687ba700 Fast CRC32 supported: Not supported on x86
2019/10/29-09:03:58.485013 7fa7687ba700 [db/db_impl_open.cc:223] Creating manifest 1 
2019/10/29-09:03:58.495772 7fa7687ba700 [db/version_set.cc:3248] Recovering from manifest file: MANIFEST-000001
2019/10/29-09:03:58.495851 7fa7687ba700 [db/column_family.cc:475] --------------- Options for column family [default]:
2019/10/29-09:03:58.495855 7fa7687ba700               Options.comparator: leveldb.BytewiseComparator
2019/10/29-09:03:58.495856 7fa7687ba700           Options.merge_operator: None
2019/10/29-09:03:58.495857 7fa7687ba700        Options.compaction_filter: None
2019/10/29-09:03:58.495858 7fa7687ba700        Options.compaction_filter_factory: None
2019/10/29-09:03:58.495859 7fa7687ba700         Options.memtable_factory: SkipListFactory
2019/10/29-09:03:58.495861 7fa7687ba700            Options.table_factory: BlockBasedTable
2019/10/29-09:03:58.495900 7fa7687ba700            table_factory options:   flush_block_policy_factory: FlushBlockBySizePolicyFactory (0x7fa761193900)
  cache_index_and_filter_blocks: 0
  cache_index_and_filter_blocks_with_high_priority: 0
  pin_l0_filter_and_index_blocks_in_cache: 0
  pin_top_level_index_and_filter: 1
  index_type: 0
  hash_index_allow_collision: 1
  checksum: 1
  no_block_cache: 0
  block_cache: 0x7fa761191b60
  block_cache_name: LRUCache
  block_cache_options:
    capacity : 8388608
    num_shard_bits : 4
    strict_capacity_limit : 0
    high_pri_pool_ratio: 0.000
  block_cache_compressed: (nil)
  persistent_cache: (nil)
  block_size: 4096
  block_size_deviation: 10
  block_restart_interval: 16
  index_block_restart_interval: 1
  metadata_block_size: 4096
  partition_filters: 0
  use_delta_encoding: 1
  filter_policy: nullptr
  whole_key_filtering: 1
  verify_compression: 0
  read_amp_bytes_per_bit: 0
  format_version: 0
  enable_index_compression: 1
  block_align: 0
2019/10/29-09:03:58.495917 7fa7687ba700        Options.write_buffer_size: 67108864
2019/10/29-09:03:58.495919 7fa7687ba700  Options.max_write_buffer_number: 2
2019/10/29-09:03:58.495921 7fa7687ba700          Options.compression: Snappy
2019/10/29-09:03:58.495922 7fa7687ba700                  Options.bottommost_compression: Disabled
2019/10/29-09:03:58.495923 7fa7687ba700       Options.prefix_extractor: nullptr
2019/10/29-09:03:58.495924 7fa7687ba700   Options.memtable_insert_with_hint_prefix_extractor: nullptr
2019/10/29-09:03:58.495925 7fa7687ba700             Options.num_levels: 7
2019/10/29-09:03:58.495926 7fa7687ba700        Options.min_write_buffer_number_to_merge: 1
2019/10/29-09:03:58.495927 7fa7687ba700     Options.max_write_buffer_number_to_maintain: 2
2019/10/29-09:03:58.495928 7fa7687ba700            Options.bottommost_compression_opts.window_bits: -14
2019/10/29-09:03:58.495929 7fa7687ba700                  Options.bottommost_compression_opts.level: 32767
2019/10/29-09:03:58.495930 7fa7687ba700               Options.bottommost_compression_opts.strategy: 0
2019/10/29-09:03:58.495931 7fa7687ba700         Options.bottommost_compression_opts.max_dict_bytes: 0
2019/10/29-09:03:58.495932 7fa7687ba700         Options.bottommost_compression_opts.zstd_max_train_bytes: 0
2019/10/29-09:03:58.495933 7fa7687ba700                  Options.bottommost_compression_opts.enabled: false
2019/10/29-09:03:58.495934 7fa7687ba700            Options.compression_opts.window_bits: -14
2019/10/29-09:03:58.495935 7fa7687ba700                  Options.compression_opts.level: 32767
2019/10/29-09:03:58.495936 7fa7687ba700               Options.compression_opts.strategy: 0
2019/10/29-09:03:58.495937 7fa7687ba700         Options.compression_opts.max_dict_bytes: 0
2019/10/29-09:03:58.495952 7fa7687ba700         Options.compression_opts.zstd_max_train_bytes: 0
2019/10/29-09:03:58.495954 7fa7687ba700                  Options.compression_opts.enabled: false
2019/10/29-09:03:58.495956 7fa7687ba700      Options.level0_file_num_compaction_trigger: 4
2019/10/29-09:03:58.495957 7fa7687ba700          Options.level0_slowdown_writes_trigger: 20
2019/10/29-09:03:58.495958 7fa7687ba700              Options.level0_stop_writes_trigger: 36
2019/10/29-09:03:58.495959 7fa7687ba700                   Options.target_file_size_base: 67108864
2019/10/29-09:03:58.495960 7fa7687ba700             Options.target_file_size_multiplier: 1
2019/10/29-09:03:58.495961 7fa7687ba700                Options.max_bytes_for_level_base: 268435456
2019/10/29-09:03:58.495962 7fa7687ba700 Options.level_compaction_dynamic_level_bytes: 0
2019/10/29-09:03:58.495964 7fa7687ba700          Options.max_bytes_for_level_multiplier: 10.000000
2019/10/29-09:03:58.495979 7fa7687ba700 Options.max_bytes_for_level_multiplier_addtl[0]: 1
2019/10/29-09:03:58.495981 7fa7687ba700 Options.max_bytes_for_level_multiplier_addtl[1]: 1
2019/10/29-09:03:58.495982 7fa7687ba700 Options.max_bytes_for_level_multiplier_addtl[2]: 1
2019/10/29-09:03:58.495984 7fa7687ba700 Options.max_bytes_for_level_multiplier_addtl[3]: 1
2019/10/29-09:03:58.495985 7fa7687ba700 Options.max_bytes_for_level_multiplier_addtl[4]: 1
2019/10/29-09:03:58.495986 7fa7687ba700 Options.max_bytes_for_level_multiplier_addtl[5]: 1
2019/10/29-09:03:58.495987 7fa7687ba700 Options.max_bytes_for_level_multiplier_addtl[6]: 1
2019/10/29-09:03:58.495988 7fa7687ba700       Options.max_sequential_skip_in_iterations: 8
2019/10/29-09:03:58.495989 7fa7687ba700                    Options.max_compaction_bytes: 1677721600
2019/10/29-09:03:58.496014 7fa7687ba700                        Options.arena_block_size: 8388608
2019/10/29-09:03:58.496017 7fa7687ba700   Options.soft_pending_compaction_bytes_limit: 68719476736
2019/10/29-09:03:58.496018 7fa7687ba700   Options.hard_pending_compaction_bytes_limit: 274877906944
2019/10/29-09:03:58.496020 7fa7687ba700       Options.rate_limit_delay_max_milliseconds: 100
2019/10/29-09:03:58.496021 7fa7687ba700                Options.disable_auto_compactions: 1
2019/10/29-09:03:58.496022 7fa7687ba700                        Options.compaction_style: kCompactionStyleLevel
2019/10/29-09:03:58.496024 7fa7687ba700                          Options.compaction_pri: kByCompensatedSize
2019/10/29-09:03:58.496025 7fa7687ba700 Options.compaction_options_universal.size_ratio: 1
2019/10/29-09:03:58.496026 7fa7687ba700 Options.compaction_options_universal.min_merge_width: 2
2019/10/29-09:03:58.496027 7fa7687ba700 Options.compaction_options_universal.max_merge_width: 4294967295
2019/10/29-09:03:58.496028 7fa7687ba700 Options.compaction_options_universal.max_size_amplification_percent: 200
2019/10/29-09:03:58.496097 7fa7687ba700 Options.compaction_options_universal.compression_size_percent: -1
2019/10/29-09:03:58.496100 7fa7687ba700 Options.compaction_options_universal.stop_style: kCompactionStopStyleTotalSize
2019/10/29-09:03:58.496101 7fa7687ba700 Options.compaction_options_fifo.max_table_files_size: 1073741824
2019/10/29-09:03:58.496102 7fa7687ba700 Options.compaction_options_fifo.allow_compaction: 0
2019/10/29-09:03:58.496103 7fa7687ba700 Options.compaction_options_fifo.ttl: 0
2019/10/29-09:03:58.496104 7fa7687ba700                   Options.table_properties_collectors: 
2019/10/29-09:03:58.496106 7fa7687ba700                   Options.inplace_update_support: 0
2019/10/29-09:03:58.496107 7fa7687ba700                 Options.inplace_update_num_locks: 10000
2019/10/29-09:03:58.496108 7fa7687ba700               Options.memtable_prefix_bloom_size_ratio: 0.000000
2019/10/29-09:03:58.496109 7fa7687ba700   Options.memtable_huge_page_size: 0
2019/10/29-09:03:58.496111 7fa7687ba700                           Options.bloom_locality: 0
2019/10/29-09:03:58.496112 7fa7687ba700                    Options.max_successive_merges: 0
2019/10/29-09:03:58.496115 7fa7687ba700                Options.optimize_filters_for_hits: 0
2019/10/29-09:03:58.496117 7fa7687ba700                Options.paranoid_file_checks: 0
2019/10/29-09:03:58.496119 7fa7687ba700                Options.force_consistency_checks: 0
2019/10/29-09:03:58.496120 7fa7687ba700                Options.report_bg_io_stats: 0
2019/10/29-09:03:58.496121 7fa7687ba700                               Options.ttl: 0
2019/10/29-09:03:58.496245 7fa7687ba700 [db/version_set.cc:3529] Recovered from manifest file:/var/lib/node/data/database/private/MANIFEST-000001 succeeded,manifest_file_number is 1, next_file_number is 3, last_sequence is 0, log_number is 0,prev_log_number is 0,max_column_family is 0,min_log_number_to_keep is 0
2019/10/29-09:03:58.496250 7fa7687ba700 [db/version_set.cc:3537] Column family [default] (ID 0), log number is 0
2019/10/29-09:03:58.496496 7fa7687ba700 [db/version_set.cc:2906] Creating manifest 4
2019/10/29-09:03:58.507163 7fa7687ba700 [db/column_family.cc:475] --------------- Options for column family []:
2019/10/29-09:03:58.507172 7fa7687ba700               Options.comparator: leveldb.BytewiseComparator
2019/10/29-09:03:58.507174 7fa7687ba700           Options.merge_operator: None
2019/10/29-09:03:58.507175 7fa7687ba700        Options.compaction_filter: None
2019/10/29-09:03:58.507176 7fa7687ba700        Options.compaction_filter_factory: None
2019/10/29-09:03:58.507177 7fa7687ba700         Options.memtable_factory: SkipListFactory
2019/10/29-09:03:58.507179 7fa7687ba700            Options.table_factory: BlockBasedTable
2019/10/29-09:03:58.507207 7fa7687ba700            table_factory options:   flush_block_policy_factory: FlushBlockBySizePolicyFactory (0x7fa76118ce90)
  cache_index_and_filter_blocks: 0
  cache_index_and_filter_blocks_with_high_priority: 0
  pin_l0_filter_and_index_blocks_in_cache: 0
  pin_top_level_index_and_filter: 1
  index_type: 0
  hash_index_allow_collision: 1
  checksum: 1
  no_block_cache: 0
  block_cache: 0x7fa76118cbf0
  block_cache_name: LRUCache
  block_cache_options:
    capacity : 8388608
    num_shard_bits : 4
    strict_capacity_limit : 0
    high_pri_pool_ratio: 0.000
  block_cache_compressed: (nil)
  persistent_cache: (nil)
  block_size: 4096
  block_size_deviation: 10
  block_restart_interval: 16
  index_block_restart_interval: 1
  metadata_block_size: 4096
  partition_filters: 0
  use_delta_encoding: 1
  filter_policy: nullptr
  whole_key_filtering: 1
  verify_compression: 0
  read_amp_bytes_per_bit: 0
  format_version: 2
  enable_index_compression: 1
  block_align: 0
2019/10/29-09:03:58.507209 7fa7687ba700        Options.write_buffer_size: 67108864
2019/10/29-09:03:58.507210 7fa7687ba700  Options.max_write_buffer_number: 2
2019/10/29-09:03:58.507212 7fa7687ba700          Options.compression: Snappy
2019/10/29-09:03:58.507213 7fa7687ba700                  Options.bottommost_compression: Disabled
2019/10/29-09:03:58.507215 7fa7687ba700       Options.prefix_extractor: nullptr
2019/10/29-09:03:58.507216 7fa7687ba700   Options.memtable_insert_with_hint_prefix_extractor: nullptr
2019/10/29-09:03:58.507217 7fa7687ba700             Options.num_levels: 7
2019/10/29-09:03:58.507218 7fa7687ba700        Options.min_write_buffer_number_to_merge: 1
2019/10/29-09:03:58.507220 7fa7687ba700     Options.max_write_buffer_number_to_maintain: 2
2019/10/29-09:03:58.507221 7fa7687ba700            Options.bottommost_compression_opts.window_bits: -14
2019/10/29-09:03:58.507222 7fa7687ba700                  Options.bottommost_compression_opts.level: 32767
2019/10/29-09:03:58.507223 7fa7687ba700               Options.bottommost_compression_opts.strategy: 0
2019/10/29-09:03:58.507224 7fa7687ba700         Options.bottommost_compression_opts.max_dict_bytes: 0
2019/10/29-09:03:58.507226 7fa7687ba700         Options.bottommost_compression_opts.zstd_max_train_bytes: 0
2019/10/29-09:03:58.507227 7fa7687ba700                  Options.bottommost_compression_opts.enabled: false
2019/10/29-09:03:58.507228 7fa7687ba700            Options.compression_opts.window_bits: -14
2019/10/29-09:03:58.507229 7fa7687ba700                  Options.compression_opts.level: 32767
2019/10/29-09:03:58.507231 7fa7687ba700               Options.compression_opts.strategy: 0
2019/10/29-09:03:58.507232 7fa7687ba700         Options.compression_opts.max_dict_bytes: 0
2019/10/29-09:03:58.507233 7fa7687ba700         Options.compression_opts.zstd_max_train_bytes: 0
2019/10/29-09:03:58.507235 7fa7687ba700                  Options.compression_opts.enabled: false
2019/10/29-09:03:58.507236 7fa7687ba700      Options.level0_file_num_compaction_trigger: 4
2019/10/29-09:03:58.507237 7fa7687ba700          Options.level0_slowdown_writes_trigger: 20
2019/10/29-09:03:58.507238 7fa7687ba700              Options.level0_stop_writes_trigger: 36
2019/10/29-09:03:58.507239 7fa7687ba700                   Options.target_file_size_base: 67108864
2019/10/29-09:03:58.507241 7fa7687ba700             Options.target_file_size_multiplier: 1
2019/10/29-09:03:58.507242 7fa7687ba700                Options.max_bytes_for_level_base: 268435456
2019/10/29-09:03:58.507260 7fa7687ba700 Options.level_compaction_dynamic_level_bytes: 0
2019/10/29-09:03:58.507262 7fa7687ba700          Options.max_bytes_for_level_multiplier: 10.000000
2019/10/29-09:03:58.507265 7fa7687ba700 Options.max_bytes_for_level_multiplier_addtl[0]: 1
2019/10/29-09:03:58.507266 7fa7687ba700 Options.max_bytes_for_level_multiplier_addtl[1]: 1
2019/10/29-09:03:58.507267 7fa7687ba700 Options.max_bytes_for_level_multiplier_addtl[2]: 1
2019/10/29-09:03:58.507269 7fa7687ba700 Options.max_bytes_for_level_multiplier_addtl[3]: 1
2019/10/29-09:03:58.507270 7fa7687ba700 Options.max_bytes_for_level_multiplier_addtl[4]: 1
2019/10/29-09:03:58.507271 7fa7687ba700 Options.max_bytes_for_level_multiplier_addtl[5]: 1
2019/10/29-09:03:58.507272 7fa7687ba700 Options.max_bytes_for_level_multiplier_addtl[6]: 1
2019/10/29-09:03:58.507274 7fa7687ba700       Options.max_sequential_skip_in_iterations: 8
2019/10/29-09:03:58.507275 7fa7687ba700                    Options.max_compaction_bytes: 1677721600
2019/10/29-09:03:58.507277 7fa7687ba700                        Options.arena_block_size: 8388608
2019/10/29-09:03:58.507278 7fa7687ba700   Options.soft_pending_compaction_bytes_limit: 68719476736
2019/10/29-09:03:58.507279 7fa7687ba700   Options.hard_pending_compaction_bytes_limit: 274877906944
2019/10/29-09:03:58.507281 7fa7687ba700       Options.rate_limit_delay_max_milliseconds: 100
2019/10/29-09:03:58.507282 7fa7687ba700                Options.disable_auto_compactions: 1
2019/10/29-09:03:58.507283 7fa7687ba700                        Options.compaction_style: kCompactionStyleLevel
2019/10/29-09:03:58.507285 7fa7687ba700                          Options.compaction_pri: kByCompensatedSize
2019/10/29-09:03:58.507286 7fa7687ba700 Options.compaction_options_universal.size_ratio: 1
2019/10/29-09:03:58.507287 7fa7687ba700 Options.compaction_options_universal.min_merge_width: 2
2019/10/29-09:03:58.507288 7fa7687ba700 Options.compaction_options_universal.max_merge_width: 4294967295
2019/10/29-09:03:58.507290 7fa7687ba700 Options.compaction_options_universal.max_size_amplification_percent: 200
2019/10/29-09:03:58.507291 7fa7687ba700 Options.compaction_options_universal.compression_size_percent: -1
2019/10/29-09:03:58.507292 7fa7687ba700 Options.compaction_options_universal.stop_style: kCompactionStopStyleTotalSize
2019/10/29-09:03:58.507293 7fa7687ba700 Options.compaction_options_fifo.max_table_files_size: 1073741824
2019/10/29-09:03:58.507295 7fa7687ba700 Options.compaction_options_fifo.allow_compaction: 0
2019/10/29-09:03:58.507296 7fa7687ba700 Options.compaction_options_fifo.ttl: 0
2019/10/29-09:03:58.507297 7fa7687ba700                   Options.table_properties_collectors: 
2019/10/29-09:03:58.507299 7fa7687ba700                   Options.inplace_update_support: 0
2019/10/29-09:03:58.507300 7fa7687ba700                 Options.inplace_update_num_locks: 10000
2019/10/29-09:03:58.507301 7fa7687ba700               Options.memtable_prefix_bloom_size_ratio: 0.000000
2019/10/29-09:03:58.507303 7fa7687ba700   Options.memtable_huge_page_size: 0
2019/10/29-09:03:58.507304 7fa7687ba700                           Options.bloom_locality: 0
2019/10/29-09:03:58.507321 7fa7687ba700                    Options.max_successive_merges: 0
2019/10/29-09:03:58.507323 7fa7687ba700                Options.optimize_filters_for_hits: 0
2019/10/29-09:03:58.507325 7fa7687ba700                Options.paranoid_file_checks: 0
2019/10/29-09:03:58.507326 7fa7687ba700                Options.force_consistency_checks: 0
2019/10/29-09:03:58.507328 7fa7687ba700                Options.report_bg_io_stats: 0
2019/10/29-09:03:58.507329 7fa7687ba700                               Options.ttl: 0
2019/10/29-09:03:58.507401 7fa7687ba700 [db/db_impl.cc:1445] Created column family [] (ID 1)
2019/10/29-09:03:58.513019 7fa7687ba700 [db/column_family.cc:475] --------------- Options for column family []:
2019/10/29-09:03:58.513028 7fa7687ba700               Options.comparator: leveldb.BytewiseComparator
2019/10/29-09:03:58.513030 7fa7687ba700           Options.merge_operator: None
2019/10/29-09:03:58.513031 7fa7687ba700        Options.compaction_filter: None
2019/10/29-09:03:58.513033 7fa7687ba700        Options.compaction_filter_factory: None
2019/10/29-09:03:58.513034 7fa7687ba700         Options.memtable_factory: SkipListFactory
2019/10/29-09:03:58.513036 7fa7687ba700            Options.table_factory: BlockBasedTable
2019/10/29-09:03:58.513060 7fa7687ba700            table_factory options:   flush_block_policy_factory: FlushBlockBySizePolicyFactory (0x7fa76118c480)
  cache_index_and_filter_blocks: 0
  cache_index_and_filter_blocks_with_high_priority: 0
  pin_l0_filter_and_index_blocks_in_cache: 0
  pin_top_level_index_and_filter: 1
  index_type: 0
  hash_index_allow_collision: 1
  checksum: 1
  no_block_cache: 0
  block_cache: 0x7fa76118ccf0
  block_cache_name: LRUCache
  block_cache_options:
    capacity : 8388608
    num_shard_bits : 4
    strict_capacity_limit : 0
    high_pri_pool_ratio: 0.000
  block_cache_compressed: (nil)
  persistent_cache: (nil)
  block_size: 4096
  block_size_deviation: 10
  block_restart_interval: 16
  index_block_restart_interval: 1
  metadata_block_size: 4096
  partition_filters: 0
  use_delta_encoding: 1
  filter_policy: nullptr
  whole_key_filtering: 1
  verify_compression: 0
  read_amp_bytes_per_bit: 0
  format_version: 2
  enable_index_compression: 1
  block_align: 0
2019/10/29-09:03:58.513064 7fa7687ba700        Options.write_buffer_size: 67108864
2019/10/29-09:03:58.513065 7fa7687ba700  Options.max_write_buffer_number: 2
2019/10/29-09:03:58.513067 7fa7687ba700          Options.compression: Snappy
2019/10/29-09:03:58.513068 7fa7687ba700                  Options.bottommost_compression: Disabled
2019/10/29-09:03:58.513070 7fa7687ba700       Options.prefix_extractor: nullptr
2019/10/29-09:03:58.513071 7fa7687ba700   Options.memtable_insert_with_hint_prefix_extractor: nullptr
2019/10/29-09:03:58.513072 7fa7687ba700             Options.num_levels: 7
2019/10/29-09:03:58.513074 7fa7687ba700        Options.min_write_buffer_number_to_merge: 1
2019/10/29-09:03:58.513075 7fa7687ba700     Options.max_write_buffer_number_to_maintain: 2
2019/10/29-09:03:58.513076 7fa7687ba700            Options.bottommost_compression_opts.window_bits: -14
2019/10/29-09:03:58.513078 7fa7687ba700                  Options.bottommost_compression_opts.level: 32767
2019/10/29-09:03:58.513079 7fa7687ba700               Options.bottommost_compression_opts.strategy: 0
2019/10/29-09:03:58.513080 7fa7687ba700         Options.bottommost_compression_opts.max_dict_bytes: 0
2019/10/29-09:03:58.513081 7fa7687ba700         Options.bottommost_compression_opts.zstd_max_train_bytes: 0
2019/10/29-09:03:58.513083 7fa7687ba700                  Options.bottommost_compression_opts.enabled: false
2019/10/29-09:03:58.513084 7fa7687ba700            Options.compression_opts.window_bits: -14
2019/10/29-09:03:58.513085 7fa7687ba700                  Options.compression_opts.level: 32767
2019/10/29-09:03:58.513087 7fa7687ba700               Options.compression_opts.strategy: 0
2019/10/29-09:03:58.513088 7fa7687ba700         Options.compression_opts.max_dict_bytes: 0
2019/10/29-09:03:58.513089 7fa7687ba700         Options.compression_opts.zstd_max_train_bytes: 0
2019/10/29-09:03:58.513090 7fa7687ba700                  Options.compression_opts.enabled: false
2019/10/29-09:03:58.513091 7fa7687ba700      Options.level0_file_num_compaction_trigger: 4
2019/10/29-09:03:58.513093 7fa7687ba700          Options.level0_slowdown_writes_trigger: 20
2019/10/29-09:03:58.513094 7fa7687ba700              Options.level0_stop_writes_trigger: 36
2019/10/29-09:03:58.513095 7fa7687ba700                   Options.target_file_size_base: 67108864
2019/10/29-09:03:58.513097 7fa7687ba700             Options.target_file_size_multiplier: 1
2019/10/29-09:03:58.513098 7fa7687ba700                Options.max_bytes_for_level_base: 268435456
2019/10/29-09:03:58.513109 7fa7687ba700 Options.level_compaction_dynamic_level_bytes: 0
2019/10/29-09:03:58.513111 7fa7687ba700          Options.max_bytes_for_level_multiplier: 10.000000
2019/10/29-09:03:58.513134 7fa7687ba700 Options.max_bytes_for_level_multiplier_addtl[0]: 1
2019/10/29-09:03:58.513137 7fa7687ba700 Options.max_bytes_for_level_multiplier_addtl[1]: 1
2019/10/29-09:03:58.513139 7fa7687ba700 Options.max_bytes_for_level_multiplier_addtl[2]: 1
2019/10/29-09:03:58.513140 7fa7687ba700 Options.max_bytes_for_level_multiplier_addtl[3]: 1
2019/10/29-09:03:58.513142 7fa7687ba700 Options.max_bytes_for_level_multiplier_addtl[4]: 1
2019/10/29-09:03:58.513143 7fa7687ba700 Options.max_bytes_for_level_multiplier_addtl[5]: 1
2019/10/29-09:03:58.513145 7fa7687ba700 Options.max_bytes_for_level_multiplier_addtl[6]: 1
2019/10/29-09:03:58.513146 7fa7687ba700       Options.max_sequential_skip_in_iterations: 8
2019/10/29-09:03:58.513148 7fa7687ba700                    Options.max_compaction_bytes: 1677721600
2019/10/29-09:03:58.513149 7fa7687ba700                        Options.arena_block_size: 8388608
2019/10/29-09:03:58.513151 7fa7687ba700   Options.soft_pending_compaction_bytes_limit: 68719476736
2019/10/29-09:03:58.513153 7fa7687ba700   Options.hard_pending_compaction_bytes_limit: 274877906944
2019/10/29-09:03:58.513154 7fa7687ba700       Options.rate_limit_delay_max_milliseconds: 100
2019/10/29-09:03:58.513156 7fa7687ba700                Options.disable_auto_compactions: 1
2019/10/29-09:03:58.513158 7fa7687ba700                        Options.compaction_style: kCompactionStyleLevel
2019/10/29-09:03:58.513159 7fa7687ba700                          Options.compaction_pri: kByCompensatedSize
2019/10/29-09:03:58.513161 7fa7687ba700 Options.compaction_options_universal.size_ratio: 1
2019/10/29-09:03:58.513162 7fa7687ba700 Options.compaction_options_universal.min_merge_width: 2
2019/10/29-09:03:58.513164 7fa7687ba700 Options.compaction_options_universal.max_merge_width: 4294967295
2019/10/29-09:03:58.513165 7fa7687ba700 Options.compaction_options_universal.max_size_amplification_percent: 200
2019/10/29-09:03:58.513167 7fa7687ba700 Options.compaction_options_universal.compression_size_percent: -1
2019/10/29-09:03:58.513168 7fa7687ba700 Options.compaction_options_universal.stop_style: kCompactionStopStyleTotalSize
2019/10/29-09:03:58.513170 7fa7687ba700 Options.compaction_options_fifo.max_table_files_size: 1073741824
2019/10/29-09:03:58.513171 7fa7687ba700 Options.compaction_options_fifo.allow_compaction: 0
2019/10/29-09:03:58.513172 7fa7687ba700 Options.compaction_options_fifo.ttl: 0
2019/10/29-09:03:58.513174 7fa7687ba700                   Options.table_properties_collectors: 
2019/10/29-09:03:58.513175 7fa7687ba700                   Options.inplace_update_support: 0
2019/10/29-09:03:58.513176 7fa7687ba700                 Options.inplace_update_num_locks: 10000
2019/10/29-09:03:58.513178 7fa7687ba700               Options.memtable_prefix_bloom_size_ratio: 0.000000
2019/10/29-09:03:58.513180 7fa7687ba700   Options.memtable_huge_page_size: 0
2019/10/29-09:03:58.513181 7fa7687ba700                           Options.bloom_locality: 0
2019/10/29-09:03:58.513183 7fa7687ba700                    Options.max_successive_merges: 0
2019/10/29-09:03:58.513184 7fa7687ba700                Options.optimize_filters_for_hits: 0
2019/10/29-09:03:58.513185 7fa7687ba700                Options.paranoid_file_checks: 0
2019/10/29-09:03:58.513187 7fa7687ba700                Options.force_consistency_checks: 0
2019/10/29-09:03:58.513188 7fa7687ba700                Options.report_bg_io_stats: 0
2019/10/29-09:03:58.513190 7fa7687ba700                               Options.ttl: 0
2019/10/29-09:03:58.513239 7fa7687ba700 [db/db_impl.cc:1445] Created column family [] (ID 2)
2019/10/29-09:03:58.519311 7fa7687ba700 [db/column_family.cc:475] --------------- Options for column family []:
2019/10/29-09:03:58.519322 7fa7687ba700               Options.comparator: leveldb.BytewiseComparator
2019/10/29-09:03:58.519324 7fa7687ba700           Options.merge_operator: None
2019/10/29-09:03:58.519326 7fa7687ba700        Options.compaction_filter: None
2019/10/29-09:03:58.519328 7fa7687ba700        Options.compaction_filter_factory: None
2019/10/29-09:03:58.519329 7fa7687ba700         Options.memtable_factory: SkipListFactory
2019/10/29-09:03:58.519331 7fa7687ba700            Options.table_factory: BlockBasedTable
2019/10/29-09:03:58.519352 7fa7687ba700            table_factory options:   flush_block_policy_factory: FlushBlockBySizePolicyFactory (0x7fa761183ed0)
  cache_index_and_filter_blocks: 0
  cache_index_and_filter_blocks_with_high_priority: 0
  pin_l0_filter_and_index_blocks_in_cache: 0
  pin_top_level_index_and_filter: 1
  index_type: 0
  hash_index_allow_collision: 1
  checksum: 1
  no_block_cache: 0
  block_cache: 0x7fa761183f10
  block_cache_name: LRUCache
  block_cache_options:
    capacity : 8388608
    num_shard_bits : 4
    strict_capacity_limit : 0
    high_pri_pool_ratio: 0.000
  block_cache_compressed: (nil)
  persistent_cache: (nil)
  block_size: 4096
  block_size_deviation: 10
  block_restart_interval: 16
  index_block_restart_interval: 1
  metadata_block_size: 4096
  partition_filters: 0
  use_delta_encoding: 1
  filter_policy: nullptr
  whole_key_filtering: 1
  verify_compression: 0
  read_amp_bytes_per_bit: 0
  format_version: 2
  enable_index_compression: 1
  block_align: 0
2019/10/29-09:03:58.519355 7fa7687ba700        Options.write_buffer_size: 67108864
2019/10/29-09:03:58.519356 7fa7687ba700  Options.max_write_buffer_number: 2
2019/10/29-09:03:58.519358 7fa7687ba700          Options.compression: Snappy
2019/10/29-09:03:58.519360 7fa7687ba700                  Options.bottommost_compression: Disabled
2019/10/29-09:03:58.519362 7fa7687ba700       Options.prefix_extractor: nullptr
2019/10/29-09:03:58.519363 7fa7687ba700   Options.memtable_insert_with_hint_prefix_extractor: nullptr
2019/10/29-09:03:58.519365 7fa7687ba700             Options.num_levels: 7
2019/10/29-09:03:58.519366 7fa7687ba700        Options.min_write_buffer_number_to_merge: 1
2019/10/29-09:03:58.519368 7fa7687ba700     Options.max_write_buffer_number_to_maintain: 2
2019/10/29-09:03:58.519369 7fa7687ba700            Options.bottommost_compression_opts.window_bits: -14
2019/10/29-09:03:58.519370 7fa7687ba700                  Options.bottommost_compression_opts.level: 32767
2019/10/29-09:03:58.519372 7fa7687ba700               Options.bottommost_compression_opts.strategy: 0
2019/10/29-09:03:58.519373 7fa7687ba700         Options.bottommost_compression_opts.max_dict_bytes: 0
2019/10/29-09:03:58.519374 7fa7687ba700         Options.bottommost_compression_opts.zstd_max_train_bytes: 0
2019/10/29-09:03:58.519376 7fa7687ba700                  Options.bottommost_compression_opts.enabled: false
2019/10/29-09:03:58.519377 7fa7687ba700            Options.compression_opts.window_bits: -14
2019/10/29-09:03:58.519379 7fa7687ba700                  Options.compression_opts.level: 32767
2019/10/29-09:03:58.519380 7fa7687ba700               Options.compression_opts.strategy: 0
2019/10/29-09:03:58.519382 7fa7687ba700         Options.compression_opts.max_dict_bytes: 0
2019/10/29-09:03:58.519383 7fa7687ba700         Options.compression_opts.zstd_max_train_bytes: 0
2019/10/29-09:03:58.519384 7fa7687ba700                  Options.compression_opts.enabled: false
2019/10/29-09:03:58.519386 7fa7687ba700      Options.level0_file_num_compaction_trigger: 4
2019/10/29-09:03:58.519387 7fa7687ba700          Options.level0_slowdown_writes_trigger: 20
2019/10/29-09:03:58.519389 7fa7687ba700              Options.level0_stop_writes_trigger: 36
2019/10/29-09:03:58.519390 7fa7687ba700                   Options.target_file_size_base: 67108864
2019/10/29-09:03:58.519392 7fa7687ba700             Options.target_file_size_multiplier: 1
2019/10/29-09:03:58.519393 7fa7687ba700                Options.max_bytes_for_level_base: 268435456
2019/10/29-09:03:58.519409 7fa7687ba700 Options.level_compaction_dynamic_level_bytes: 0
2019/10/29-09:03:58.519412 7fa7687ba700          Options.max_bytes_for_level_multiplier: 10.000000
2019/10/29-09:03:58.519415 7fa7687ba700 Options.max_bytes_for_level_multiplier_addtl[0]: 1
2019/10/29-09:03:58.519416 7fa7687ba700 Options.max_bytes_for_level_multiplier_addtl[1]: 1
2019/10/29-09:03:58.519418 7fa7687ba700 Options.max_bytes_for_level_multiplier_addtl[2]: 1
2019/10/29-09:03:58.519419 7fa7687ba700 Options.max_bytes_for_level_multiplier_addtl[3]: 1
2019/10/29-09:03:58.519421 7fa7687ba700 Options.max_bytes_for_level_multiplier_addtl[4]: 1
2019/10/29-09:03:58.519422 7fa7687ba700 Options.max_bytes_for_level_multiplier_addtl[5]: 1
2019/10/29-09:03:58.519424 7fa7687ba700 Options.max_bytes_for_level_multiplier_addtl[6]: 1
2019/10/29-09:03:58.519425 7fa7687ba700       Options.max_sequential_skip_in_iterations: 8
2019/10/29-09:03:58.519427 7fa7687ba700                    Options.max_compaction_bytes: 1677721600
2019/10/29-09:03:58.519428 7fa7687ba700                        Options.arena_block_size: 8388608
2019/10/29-09:03:58.519429 7fa7687ba700   Options.soft_pending_compaction_bytes_limit: 68719476736
2019/10/29-09:03:58.519431 7fa7687ba700   Options.hard_pending_compaction_bytes_limit: 274877906944
2019/10/29-09:03:58.519432 7fa7687ba700       Options.rate_limit_delay_max_milliseconds: 100
2019/10/29-09:03:58.519434 7fa7687ba700                Options.disable_auto_compactions: 1
2019/10/29-09:03:58.519435 7fa7687ba700                        Options.compaction_style: kCompactionStyleLevel
2019/10/29-09:03:58.519437 7fa7687ba700                          Options.compaction_pri: kByCompensatedSize
2019/10/29-09:03:58.519438 7fa7687ba700 Options.compaction_options_universal.size_ratio: 1
2019/10/29-09:03:58.519440 7fa7687ba700 Options.compaction_options_universal.min_merge_width: 2
2019/10/29-09:03:58.519441 7fa7687ba700 Options.compaction_options_universal.max_merge_width: 4294967295
2019/10/29-09:03:58.519443 7fa7687ba700 Options.compaction_options_universal.max_size_amplification_percent: 200
2019/10/29-09:03:58.519444 7fa7687ba700 Options.compaction_options_universal.compression_size_percent: -1
2019/10/29-09:03:58.519446 7fa7687ba700 Options.compaction_options_universal.stop_style: kCompactionStopStyleTotalSize
2019/10/29-09:03:58.519447 7fa7687ba700 Options.compaction_options_fifo.max_table_files_size: 1073741824
2019/10/29-09:03:58.519449 7fa7687ba700 Options.compaction_options_fifo.allow_compaction: 0
2019/10/29-09:03:58.519450 7fa7687ba700 Options.compaction_options_fifo.ttl: 0
2019/10/29-09:03:58.519452 7fa7687ba700                   Options.table_properties_collectors: 
2019/10/29-09:03:58.519453 7fa7687ba700                   Options.inplace_update_support: 0
2019/10/29-09:03:58.519455 7fa7687ba700                 Options.inplace_update_num_locks: 10000
2019/10/29-09:03:58.519456 7fa7687ba700               Options.memtable_prefix_bloom_size_ratio: 0.000000
2019/10/29-09:03:58.519458 7fa7687ba700   Options.memtable_huge_page_size: 0
2019/10/29-09:03:58.519460 7fa7687ba700                           Options.bloom_locality: 0
2019/10/29-09:03:58.519461 7fa7687ba700                    Options.max_successive_merges: 0
2019/10/29-09:03:58.519463 7fa7687ba700                Options.optimize_filters_for_hits: 0
2019/10/29-09:03:58.519464 7fa7687ba700                Options.paranoid_file_checks: 0
2019/10/29-09:03:58.519465 7fa7687ba700                Options.force_consistency_checks: 0
2019/10/29-09:03:58.519467 7fa7687ba700                Options.report_bg_io_stats: 0
2019/10/29-09:03:58.519468 7fa7687ba700                               Options.ttl: 0
2019/10/29-09:03:58.519527 7fa7687ba700 [db/db_impl.cc:1445] Created column family [] (ID 3)
2019/10/29-09:03:58.528002 7fa7687ba700 [db/column_family.cc:475] --------------- Options for column family []:
2019/10/29-09:03:58.528013 7fa7687ba700               Options.comparator: leveldb.BytewiseComparator
2019/10/29-09:03:58.528016 7fa7687ba700           Options.merge_operator: None
2019/10/29-09:03:58.528017 7fa7687ba700        Options.compaction_filter: None
